1.910095548489666228e+01 1.251309259981437938e-01
1.889134782608696028e+01 2.149509556315098990e-05
1.853218544366899323e+01 2.076375908808270054e-04
1.642937878787878603e+01 1.523024517539717237e-03
1.947816724738676086e+01 1.340103898278544037e-04
1.914578584729981259e+01 4.820914523839814336e-05
1.796369747899159819e+01 2.527901600082205213e-03
1.880038928571428869e+01 2.893309437657087813e-05
2.048931086142322044e+01 3.452440433537873332e-08
1.800809528301886786e+01 1.357124203658854888e-03
1.927128888888888980e+01 8.166350560923074653e-05
1.935339215686274628e+01 1.379939699286403254e-06
1.886934022556391000e+01 4.929648752849402626e-05
1.930681962864721513e+01 0.000000000000000000e+00
1.893744665012406969e+01 0.000000000000000000e+00
1.907522000000000162e+01 1.039364755373028970e-07
1.811636797274276134e+01 1.747655404359171882e-03
1.978641359773370922e+01 8.090463712084883241e-06
1.764802873563218455e+01 4.534076585156365802e-03
1.863501562500000119e+01 5.669644753680813665e-10
1.721775953757225253e+01 2.320706042127529400e-03
1.902814400000000106e+01 5.856297276665034524e-03
1.845025219941349093e+01 1.049111532092084076e-07
1.897448670212765975e+01 1.429786682827227651e-06
1.966281323877068843e+01 3.294321204716510465e-08
1.918007872340425735e+01 3.644234242650146172e-05
1.761636222910216532e+01 4.451732720639478558e-04
1.689408951406649706e+01 2.690739136191555581e-03
1.917341696113074079e+01 4.513374705195083436e-06
1.891637102473498544e+01 2.978134156461642590e-05
1.910503508771930115e+01 1.610519865551385266e-04
1.747468112798264528e+01 4.231906641327998209e-03
1.812248063433973755e+01 1.050224451848436047e-08
1.685998847631242370e+01 2.560203893249290985e-03
1.774744327176781056e+01 1.544532306876789107e-03
1.864407339901477556e+01 2.820194048402946407e-06
1.901795306859205681e+01 2.168124048063102549e-05
1.946988212435233123e+01 9.661048605558164581e-07
1.872648033472803419e+01 1.885024813985669567e-05
1.988590624999999790e+01 7.637100873925106725e-07
2.083196156533892562e+01 2.251116959506305193e-08
1.932754603174603503e+01 0.000000000000000000e+00
1.708648175182482021e+01 2.578539773264720836e-03
1.903106060606060623e+01 1.733944178555768545e-04
2.004608988764045208e+01 2.296479922558880560e-06
1.996057708553326293e+01 4.049063656452744908e-05
1.947904347826086990e+01 3.434576184691007228e-05
1.863982352941176401e+01 4.121038565951806731e-08
1.963331329113924184e+01 4.895996832421367628e-05
1.822700958466453613e+01 1.517979217731890706e-02
1.556394684385381844e+01 1.957051825041133952e-07
1.787345168067226808e+01 7.132510047649809337e-03
1.800502498922877948e+01 0.000000000000000000e+00
2.004440314136125423e+01 6.760556493623504082e-06
1.584713513513513483e+01 2.107984657136685591e-03
1.789349053627760355e+01 3.364999491081488436e-03
1.753844881516588217e+01 5.581076561235409628e-03
1.857527619047619183e+01 1.028485229292996905e-05
1.477799386281588667e+01 2.122331528746412843e-03
1.867495454545454692e+01 2.450260396640868699e-03
1.814380198019801682e+01 4.125960076289292289e-03
1.858291737288135437e+01 4.744574434657145012e-03
1.780573209549071834e+01 1.144678170144963758e-03
1.924168974042027003e+01 2.980673401653533006e-06
1.402857191392978464e+01 5.642545652939645606e-09
1.857044673123486689e+01 0.000000000000000000e+00
1.854849999999999710e+01 1.676146568253322755e-03
2.042523622047244203e+01 2.579388147516681329e-08
1.773852077562326812e+01 3.586319622860711931e-03
1.641110670731707444e+01 2.262793278875574465e-03
1.665492737430167480e+01 9.223822976557327635e-04
1.635345182724252666e+01 2.023429739320237175e-03
1.906691984359726533e+01 2.289609291905581046e-05
1.807075632911392304e+01 2.968232279410010221e-06
1.984184828101644271e+01 1.531222600236192832e-04
1.967330056980056696e+01 4.318753180498902111e-05
1.687164330874604801e+01 2.896121959975128668e-03
2.084685061224489644e+01 1.551298400848111214e-08
1.872999120971117648e+01 4.395177229604696478e-04
1.813664670658682709e+01 1.935017511595193973e-03
2.005132988505746994e+01 1.306756977181855461e-06
1.710929486062718041e+01 3.226241107968430555e-03
1.927976993865030764e+01 5.886032772175919803e-03
1.865950839865621447e+01 0.000000000000000000e+00
1.927775172413792504e+01 5.159421417322285208e-06
1.730097176820207849e+01 3.324486501643519887e-07
1.612221208384710280e+01 1.646419699461110220e-03
1.526677208835341304e+01 1.244173700342243727e-03
1.899014182282794039e+01 3.131460403094088463e-06
1.848591269841270091e+01 1.212733596536008651e-01
1.920428515240904588e+01 1.595516652130868351e-07
1.785317631578947584e+01 7.894675598540956685e-05
1.695094508670520383e+01 1.751579911679956858e-03
1.909999999999999787e+01 0.000000000000000000e+00
2.007828947368420813e+01 1.610977121591083971e-06
1.762563824884792751e+01 3.127098580080200918e-11
1.726091245972072841e+01 4.103094091853276559e-03
1.843858645627876314e+01 1.726599429204389580e-03
1.790415742971887525e+01 5.538710090569054501e-08
1.933349717514124322e+01 2.087420714058652038e-08
1.928420437956204125e+01 6.250998725310097370e-07
1.894403571428571453e+01 7.767159677639989823e-02
1.802119694072657907e+01 2.960571035477421731e-04
1.859957333333333551e+01 1.035568500851513640e-03
1.913433333333333408e+01 0.000000000000000000e+00
1.749311397367684151e+01 0.000000000000000000e+00
1.994009685230024331e+01 1.968634111282341337e-08
1.856703596757851926e+01 4.280158182758952989e-04
1.549066286215979105e+01 2.089188394172047936e-06
1.854130075187969950e+01 5.022322328005479619e-03
1.859066948326291779e+01 2.621386069323605739e-07
1.839199999999999946e+01 0.000000000000000000e+00
1.769048771929824326e+01 1.933171334234096150e-06
2.012653461538461741e+01 2.650807156334700210e-06
1.846067544510385616e+01 9.517666654801359982e-10
1.897634219964136193e+01 2.759617678815828867e-08
1.720368367346938854e+01 3.558339879715322063e-03
1.940489629629629675e+01 4.637590789846601780e-05
1.829851762820512917e+01 4.113348442009168160e-03
1.852557310779816646e+01 9.955125575400458615e-05
1.862786491935483824e+01 3.223642413323624112e-04
1.636094405966968424e+01 2.216693248842771524e-03
1.943704623513870544e+01 5.648898934544033246e-02
2.070679019073569549e+01 1.279957474453752297e-07
1.760907662835248644e+01 5.063048280626758491e-03
1.916647066492829410e+01 3.547987308283317986e-06
1.846786571511797348e+01 7.800658874401733556e-08
1.737794114059164485e+01 6.480124974395096160e-07
1.882056838055263981e+01 3.486289171839573875e-02
1.737332233009708915e+01 2.236662078235363005e-03
1.530135247712211921e+01 5.198182246768379144e-04
1.638630769230769246e+01 0.000000000000000000e+00
1.829051181511295709e+01 0.000000000000000000e+00
1.722888989637305812e+01 3.834433179946805659e-03
1.707306045454545540e+01 6.348413261887397852e-04
1.745633460803059123e+01 5.376341214941016133e-04
1.509356716417910427e+01 9.867155358097567941e-04
1.779946145333824958e+01 2.544428822770172793e-03
1.852765636147443473e+01 2.590902474675949030e-02
2.080752825552825769e+01 1.154754789567391526e-07
1.857586063040790947e+01 3.425430827874720308e-09
1.955249003984063449e+01 8.953555710067284679e-06
1.918174114441416833e+01 2.739960696995780154e-06
1.819250534351144921e+01 1.886328827582772760e-04
1.882516471354166754e+01 1.077080526012963446e-05
1.747782894128525299e+01 1.076818526346556837e-06
1.737704815864022478e+01 2.232658814442567419e-03
1.868606194104008011e+01 3.980929075930728089e-05
1.954368762278978622e+01 5.263711180258923150e-06
1.415556395348837171e+01 6.521403220285382218e-04
1.723815165165165197e+01 0.000000000000000000e+00
1.887381184668989320e+01 0.000000000000000000e+00
1.897587850467289883e+01 3.010820761421006964e-04
1.700255847953216204e+01 1.116318414016159721e-04
1.720855149617258206e+01 0.000000000000000000e+00
1.837214651162790702e+01 6.592566198265537025e-03
1.910453819444444434e+01 5.823540646376912377e-07
1.836809806157354785e+01 2.776929519128223944e-04
1.957151436388508969e+01 1.190886599680140989e-04
1.800556323089475441e+01 3.793660795542441733e-04
1.876228032619775732e+01 2.283880183484576776e-05
1.791740000000000066e+01 4.358126948211804574e-07
1.896405424528301964e+01 1.270682969956027364e-08
1.949448988970588204e+01 1.342502169920933852e-05
1.894288888888888778e+01 0.000000000000000000e+00
1.667293838862559241e+01 2.141088241918387425e-03
1.881971268656716489e+01 6.060437732509860176e-03
1.615579072847681985e+01 1.961526090346610296e-03
1.751196043956043980e+01 2.673768217942296133e-07
1.684153112840467159e+01 1.247386683661977358e-03
1.917197067117879072e+01 1.550380458448241683e-05
2.039957766990291432e+01 4.279725851485949306e-08
1.708653886554622048e+01 3.612649195924522161e-03
1.787802982107355376e+01 2.407568130599058165e-04
1.885800191204588927e+01 3.411625137617058101e-06
1.754938046411225017e+01 4.464581651838273046e-03
1.999806687033265362e+01 7.400177337579805226e-07
1.800926821192052785e+01 1.788120956887850888e-03
1.726380930930930901e+01 2.778633700804333806e-03
1.556227920227920336e+01 1.721060157139242541e-03
1.946841102316036398e+01 1.884521748318768175e-05
1.832482889733840281e+01 4.003735709512401542e-05
1.976523796791444099e+01 4.754081827740286315e-05
1.628025866666666488e+01 2.713840369076403469e-03
1.917122838137472485e+01 6.513201218771857981e-05
1.629291729323308147e+01 1.594861675569436699e-03
1.776053474178403846e+01 2.473077677401014363e-03
1.904207639569049704e+01 8.735997584109533864e-02
1.976229165235314511e+01 4.173009583441356085e-07
1.764756462585033958e+01 4.188979510975077147e-04
1.465429981718464347e+01 0.000000000000000000e+00
1.903707290400972241e+01 2.879352505040677634e-03
1.913276035502958550e+01 1.240093795207286576e-05
1.909788023952095770e+01 6.941739822363679480e-05
1.730345659163987193e+01 0.000000000000000000e+00
1.791066032608695480e+01 0.000000000000000000e+00
1.731266265664160287e+01 1.369737825810068976e-03
1.822907453416149437e+01 1.586832484450684255e-03
1.615789367234903295e+01 2.097310378924355234e-03
1.798061880559085068e+01 5.767145005997065255e-08
1.942528169440241825e+01 4.598681773271273698e-06
1.820722041984732797e+01 3.299016791163067452e-03
1.910152869186837421e+01 2.388454301560649640e-06
1.906849563318777285e+01 4.129185018242331751e-06
1.930629551451186998e+01 2.817441266067532979e-06
1.782171283783783977e+01 5.491675108364457714e-04
1.884080236831359656e+01 5.235811782673982506e-02
1.974690177230399968e+01 3.054359103416004473e-07
1.825502372881355839e+01 2.578362380265541987e-04
1.978953548387096717e+01 5.186158256176298664e-07
1.971993290043290159e+01 2.253539277515814732e-04
1.613851671732522775e+01 3.118425961728954476e-03
1.835996020988194033e+01 2.411466581975219015e-09
1.792656567593480332e+01 1.615680129481622540e-02
2.042486746987951918e+01 1.689621775824434735e-10
1.966547567567567611e+01 2.821257948260047499e-06
1.821414071856287720e+01 7.544784333846088487e-06
1.836858592891168840e+01 1.317963960190127182e-09
1.711903550295858167e+01 2.942675929272553503e-03
1.936220385674931066e+01 1.264262548772432382e-05
1.967378947368421294e+01 5.431368548247661465e-07
1.786740681608842607e+01 6.741714815539090466e-04
1.913024264705882160e+01 3.268306980785951055e-05
1.930279338505512499e+01 9.746842106195252597e-06
1.366955314960629941e+01 0.000000000000000000e+00
2.081188160136286314e+01 1.407480122450621707e-07
1.666514223268325523e+01 3.312376498753044629e-03
1.919856313993174268e+01 6.324853075878933417e-03
1.822806510416666725e+01 1.016568933707162614e-03
1.923435570687418661e+01 1.914660404445100994e-06
2.044503551401869501e+01 4.547271392763008180e-08
1.798146348823174279e+01 7.432610314994647638e-07
1.902164623584277336e+01 9.987132232325279801e-10
1.618187949125596248e+01 0.000000000000000000e+00
1.774357976653696767e+01 1.886009466213978136e-03
2.065074375000000018e+01 1.709115370340796858e-07
1.954749185274592449e+01 5.217916324018467833e-06
1.819253413173652589e+01 0.000000000000000000e+00
1.967622073079791178e+01 1.047316297797529216e-06
1.931937177280550699e+01 5.489389112156572992e-07
1.921210891089108941e+01 6.398086894288113058e-06
1.985920376175548796e+01 2.437704879065805130e-07
1.977984742647058880e+01 1.141726721165525760e-06
1.906996825938566431e+01 4.600069426596853361e-06
1.898082502443792663e+01 3.492050110298627885e-05
1.608751767676767486e+01 1.745561430398168135e-03
1.340266775956284384e+01 1.448632068015265340e-03
1.627588519637462383e+01 2.019671933464528557e-03
1.653125357781753380e+01 0.000000000000000000e+00
1.814954124551679371e+01 3.011361214000363162e-05
1.501010368663594541e+01 1.845193794260846509e-03
1.905551744186046648e+01 8.329646212934527227e-05
1.937613793103448145e+01 6.100204696934952153e-07
1.883926409495549237e+01 4.818800005828127730e-02
1.697231679389313186e+01 3.171913520299884937e-03
1.964566329113923970e+01 5.198416798135596650e-07
2.067229999999999634e+01 6.965664645086633300e-08
2.002623617021276559e+01 9.462810625082695992e-07
1.805390151515151231e+01 1.765587320790018566e-08
1.557233582089552293e+01 3.245229018844497659e-08
1.765676605504587116e+01 3.247272133611867062e-04
1.896883487255264100e+01 4.915334805843940558e-10
1.769953462864306104e+01 3.991014982832497004e-03
1.671401351351351394e+01 2.263840242458292629e-03
1.890867608286252377e+01 7.559306972648727196e-05
1.951201618122977166e+01 1.364093913824859783e-06
1.709740117994100217e+01 0.000000000000000000e+00
1.767622499999999874e+01 3.201928328509184851e-03
1.911396000000000228e+01 3.279803095779243449e-10
1.802599139784945947e+01 2.650303390578923057e-04
1.945698951048951386e+01 9.122826218899149353e-07
1.566626024691357877e+01 1.148395264438661911e-05
1.996568869936033863e+01 1.893653315265808601e-07
1.663814598540145795e+01 3.544363757948088001e-03
1.664060481099656386e+01 2.031823662058229729e-03
1.967911977186311745e+01 1.591473417072997165e-05
1.927323360655737616e+01 0.000000000000000000e+00
1.975613858784893040e+01 1.407728605984370773e-05
1.689758105939004551e+01 2.897305584430132086e-03
1.702447515808491474e+01 4.291043990431453459e-03
1.885758680367766260e+01 2.802082314672049712e-03
1.572895096652522540e+01 0.000000000000000000e+00
1.819188133221382841e+01 2.031701193505597303e-06
1.924026778691455064e+01 4.590702069595664625e-07
1.951525565800503159e+01 3.053540493447304272e-05
1.811840433673469519e+01 1.944263063483608889e-04
1.653081472684085540e+01 8.683611607551711131e-10
1.966813512035010802e+01 3.054578967431886838e-06
1.802045747800586284e+01 0.000000000000000000e+00
1.760814291790727637e+01 0.000000000000000000e+00
1.940971519659936462e+01 1.324860701534813501e-05
1.951481632653061027e+01 5.688337756382111365e-08
1.792064900449582510e+01 2.219282411960343815e-03
1.776035311572700337e+01 1.507680754662121814e-04
1.683446415094339699e+01 3.602567368342746157e-03
1.817934756097561078e+01 2.891812841819241253e-02
1.771493972602739575e+01 2.711096331639017976e-04
1.719106122448979690e+01 3.643075503301673734e-03
1.750975841874084793e+01 2.151372970699338971e-03
1.836413348103018350e+01 9.575930492589090903e-05
1.751547361111111201e+01 3.241988151270192020e-07
1.825431481481481555e+01 1.311033778361725410e-04
1.632168506212077475e+01 4.006935385048038256e-06
1.867115532499237318e+01 1.636872124945965012e-02
2.087416571428571288e+01 2.416147271144808428e-07
1.967410463320463165e+01 2.691304375479486310e-05
1.822906167588260118e+01 1.894168155658348951e-10
1.802254471931493995e+01 2.964387745026164644e-03
1.923369897959183561e+01 1.472413496683699918e-07
1.908691048824593040e+01 6.604772037399619933e-06
1.825433475479744061e+01 1.453645060878194784e-05
1.967399999999999949e+01 6.537479885215802256e-07
1.581016096579476837e+01 2.311306974865479091e-03
1.959013369820171846e+01 3.408430307570964324e-02
1.858509353383458773e+01 1.106076973376168837e-04
1.959460081967213085e+01 1.369933083528174222e-06
1.900771272015655811e+01 0.000000000000000000e+00
1.859383244206773611e+01 0.000000000000000000e+00
2.041579775280898801e+01 1.062314386457430260e-07
1.879330792682926798e+01 7.725868041441597001e-05
1.782623971193416068e+01 1.349247123102248480e-03
1.728592273462783524e+01 6.419094404419567468e-05
2.060745358090185420e+01 2.712910115443278869e-07
1.559169601328903809e+01 4.318492743095037056e-04
1.845818845437616318e+01 8.410667881153521819e-06
1.805984212103055597e+01 0.000000000000000000e+00
1.940598039215686299e+01 1.268261825172478652e-04
1.839893750000000239e+01 3.873098619600057191e-09
